1000
1 449 791
2 595 7
3 97 432
4 432 188
5 423 115
6 669 861
7 877 835
8 220 194
9 70 50
10 415 19
11 438 8
12 556 468
13 600 191
14 509 134
15 801 602
16 613 357
17 680 56
18 998 424
19 321 320
20 452 753
21 981 451
22 451 171
23 434 978
24 924 184
25 409 56
26 188 474
27 900 48
28 377 186
29 94 723
30 704 116
31 587 14
32 26 338
33 264 353
34 939 394
35 98 236
36 823 207
37 872 913
38 186 244
39 535 517
40 391 373
41 525 334
42 181 126
43 659 885
44 336 388
45 129 453
46 894 912
47 812 28
48 635 578
49 94 124
50 730 2
51 877 526
52 914 193
53 136 262
54 577 678
55 532 798
56 11 376
57 62 512
58 429 726
59 825 516
60 712 755
61 900 263
62 785 309
63 108 440
64 146 294
65 593 293
66 232 122
67 291 454
68 226 426
69 880 401
70 484 779
71 287 17
72 700 52
73 699 541
74 170 125
75 150 45
76 320 782
77 883 578
78 903 61
79 160 757
80 396 920
81 451 230
82 492 105
83 891 772
84 761 427
85 772 179
86 912 9
87 542 5
88 840 567
89 48 79
90 316 700
91 633 399
92 566 185
93 734 757
94 390 419
95 945 588
96 19 567
97 499 35
98 472 351
99 612 318
100 383 238
101 237 992
102 514 496
103 189 904
104 896 190
105 328 923
106 696 299
107 821 625
108 317 384
109 482 193
110 350 686
111 663 600
112 411 859
113 648 854
114 577 190
115 583 670
116 488 419
117 125 357
118 574 689
119 785 655
120 863 842
121 600 676
122 730 915
123 511 419
124 843 182
125 522 891
126 989 582
127 953 359
128 455 792
129 720 712
130 286 707
131 574 481
132 976 985
133 721 388
134 663 216
135 706 578
136 749 595
137 723 715
138 973 205
139 867 205
140 266 150
141 307 1
142 38 26
143 650 955
144 375 5
145 813 411
146 137 215
147 299 400
148 891 288
149 217 791
150 267 519
151 267 505
152 510 639
153 916 39
154 185 69
155 628 880
156 361 325
157 904 489
158 404 115
159 151 207
160 675 470
161 951 683
162 981 662
163 175 420
164 952 399
165 100 508
166 969 683
167 354 370
168 443 594
169 60 519
170 781 64
171 657 362
172 299 946
173 942 863
174 550 123
175 854 245
176 397 644
177 543 451
178 40 509
179 176 151
180 173 917
181 726 308
182 132 4
183 275 11
184 626 900
185 840 746
186 343 664
187 646 408
188 927 994
189 565 845
190 62 592
191 580 740
192 753 519
193 876 302
194 525 793
195 592 789
196 858 116
197 875 983
198 595 832
199 924 38
200 769 627
201 549 860
202 890 714
203 125 391
204 710 456
205 671 651
206 147 118
207 676 276
208 799 368
209 418 278
210 159 396
211 970 972
212 577 905
213 906 478
214 273 726
215 631 800
216 90 851
217 43 150
218 359 290
219 793 286
220 249 198
221 223 461
222 7 814
223 234 286
224 291 931
225 19 889
226 55 879
227 181 960
228 621 926
229 308 701
230 546 999
231 82 491
232 39 250
233 993 690
234 992 215
235 672 552
236 811 879
237 581 695
238 701 539
239 963 320
240 974 628
241 725 56
242 214 539
243 547 912
244 11 46
245 360 186
246 324 769
247 870 37
248 102 601
249 943 296
250 407 752
251 926 572
252 54 848
253 298 58
254 675 984
255 461 805
256 44 226
257 367 429
258 924 814
259 354 763
260 347 447
261 515 264
262 871 879
263 828 437
264 940 56
265 930 18
266 415 892
267 108 27
268 581 891
269 540 934
270 948 807
271 564 862
272 332 682
273 669 814
274 7 858
275 518 128
276 832 81
277 272 416
278 508 132
279 314 662
280 31 173
281 410 584
282 193 790
283 532 831
284 344 315
285 794 138
286 857 736
287 253 676
288 370 734
289 230 619
290 308 333
291 204 790
292 761 932
293 537 990
294 574 921
295 91 88
296 610 314
297 341 290
298 590 554
299 832 634
300 66 633
301 42 539
302 649 21
303 791 635
304 486 526
305 944 961
306 872 775
307 674 919
308 64 221
309 671 374
310 498 281
311 769 809
312 634 321
313 463 232
314 565 326
315 95 932
316 253 763
317 519 467
318 482 329
319 750 417
320 977 110
321 975 792
322 265 622
323 659 787
324 910 725
325 269 514
326 380 390
327 898 651
328 655 794
329 665 335
330 934 214
331 425 957
332 106 18
333 257 507
334 43 134
335 204 990
336 850 893
337 231 277
338 751 222
339 945 90
340 646 66
341 854 411
342 634 759
343 512 978
344 355 283
345 671 596
346 949 716
347 194 532
348 372 426
349 720 299
350 345 820
351 718 492
352 696 429
353 579 803
354 319 592
355 721 875
356 574 21
357 867 181
358 43 691
359 272 854
360 15 346
361 914 535
362 164 848
363 375 293
364 746 124
365 210 110
366 638 300
367 494 721
368 842 170
369 304 230
370 930 855
371 892 705
372 55 768
373 664 260
374 951 397
375 110 710
376 405 887
377 819 484
378 949 681
379 975 909
380 403 521
381 162 77
382 720 560
383 840 275
384 165 213
385 229 942
386 949 842
387 648 952
388 483 399
389 313 102
390 948 504
391 644 154
392 636 900
393 492 948
394 496 462
395 895 483
396 866 49
397 450 694
398 858 541
399 99 193
400 969 699
401 509 12
402 861 751
403 409 141
404 82 654
405 625 983
406 746 810
407 112 256
408 603 796
409 692 887
410 699 920
411 609 42
412 103 283
413 967 756
414 387 538
415 768 481
416 679 106
417 71 773
418 149 609
419 543 57
420 482 852
421 41 57
422 638 417
423 443 271
424 313 41
425 370 850
426 115 419
427 461 937
428 446 471
429 745 127
430 588 842
431 857 935
432 626 157
433 98 853
434 19 178
435 153 742
436 76 822
437 47 95
438 823 975
439 817 427
440 234 617
441 363 573
442 668 959
443 560 958
444 322 53
445 337 953
446 722 870
447 847 400
448 72 879
449 133 91
450 243 665
451 685 188
452 716 463
453 469 476
454 915 646
455 276 92
456 684 773
457 968 620
458 481 482
459 633 644
460 4 516
461 330 562
462 149 723
463 728 559
464 474 158
465 189 665
466 239 813
467 311 813
468 436 445
469 535 528
470 309 382
471 437 714
472 615 541
473 143 172
474 69 870
475 443 731
476 975 110
477 287 626
478 857 396
479 300 903
480 193 788
481 193 793
482 451 854
483 741 427
484 415 78
485 917 652
486 137 97
487 369 317
488 355 42
489 187 900
490 461 537
491 270 990
492 20 134
493 542 552
494 977 897
495 572 727
496 281 488
497 315 327
498 601 743
499 949 94
500 548 681
501 665 806
502 724 151
503 188 49
504 542 877
505 564 210
506 684 647
507 232 244
508 715 152
509 735 707
510 612 235
511 80 773
512 867 309
513 608 496
514 556 571
515 949 499
516 961 96
517 798 360
518 20 637
519 50 941
520 583 117
521 215 470
522 264 299
523 108 590
524 841 421
525 450 517
526 990 672
527 89 205
528 380 539
529 404 188
530 388 523
531 744 285
532 84 122
533 361 299
534 852 499
535 901 896
536 885 877
537 413 261
538 972 878
539 555 675
540 728 656
541 896 436
542 72 517
543 901 939
544 691 613
545 964 570
546 826 250
547 595 251
548 725 442
549 478 400
550 178 272
551 381 622
552 849 234
553 975 347
554 995 381
555 247 142
556 378 442
557 998 199
558 458 963
559 658 219
560 179 289
561 622 168
562 161 806
563 765 72
564 854 497
565 256 168
566 735 514
567 972 665
568 496 331
569 818 879
570 232 341
571 704 440
572 134 187
573 485 119
574 228 374
575 774 26
576 588 431
577 70 984
578 300 125
579 329 427
580 173 818
581 253 563
582 91 43
583 463 224
584 76 363
585 754 355
586 883 33
587 481 11
588 859 995
589 173 677
590 316 407
591 949 434
592 193 757
593 239 882
594 660 404
595 994 319
596 344 60
597 470 384
598 911 225
599 55 818
600 771 565
601 197 682
602 30 832
603 658 121
604 661 539
605 378 212
606 72 615
607 169 537
608 782 844
609 204 882
610 770 800
611 201 24
612 768 120
613 430 117
614 450 212
615 897 179
616 226 802
617 992 806
618 756 242
619 868 578
620 577 858
621 274 306
622 393 301
623 474 973
624 104 70
625 569 892
626 343 254
627 410 383
628 525 37
629 180 624
630 768 337
631 956 951
632 767 66
633 877 761
634 353 213
635 345 722
636 592 597
637 73 105
638 396 923
639 109 813
640 300 336
641 949 740
642 605 273
643 467 216
644 619 320
645 139 261
646 902 236
647 405 186
648 704 391
649 138 336
650 771 818
651 18 557
652 803 784
653 444 476
654 766 650
655 346 376
656 12 982
657 573 260
658 200 931
659 888 289
660 970 249
661 930 348
662 338 965
663 327 360
664 614 942
665 715 907
666 677 326
667 622 599
668 803 115
669 84 402
670 418 113
671 842 820
672 634 499
673 743 139
674 199 343
675 335 742
676 505 824
677 172 710
678 453 168
679 834 896
680 63 262
681 718 827
682 379 53
683 253 831
684 358 768
685 650 156
686 255 706
687 163 507
688 996 136
689 792 99
690 653 415
691 69 751
692 285 907
693 457 844
694 997 500
695 815 949
696 934 952
697 310 323
698 914 19
699 775 627
700 902 289
701 408 710
702 885 393
703 938 614
704 539 712
705 539 352
706 358 195
707 434 705
708 72 461
709 407 572
710 165 642
711 327 678
712 479 638
713 607 782
714 929 155
715 849 868
716 285 356
717 624 959
718 408 374
719 887 881
720 553 909
721 368 244
722 136 716
723 490 292
724 48 342
725 122 459
726 477 800
727 98 33
728 799 565
729 747 756
730 817 545
731 668 76
732 790 601
733 416 476
734 602 141
735 279 30
736 225 340
737 545 398
738 753 214
739 403 596
740 774 841
741 774 842
742 554 935
743 774 300
744 513 257
745 610 997
746 400 712
747 98 755
748 466 251
749 792 453
750 27 522
751 616 861
752 139 412
753 901 555
754 240 832
755 245 377
756 35 145
757 162 744
758 505 438
759 361 350
760 734 621
761 459 836
762 68 130
763 915 724
764 147 546
765 559 853
766 135 189
767 252 986
768 870 639
769 26 465
770 732 834
771 315 902
772 488 451
773 490 152
774 270 114
775 91 921
776 934 930
777 513 942
778 59 168
779 440 80
780 160 539
781 557 232
782 503 505
783 171 837
784 554 969
785 738 57
786 850 563
787 189 630
788 85 972
789 361 332
790 860 953
791 736 450
792 538 26
793 619 840
794 645 777
795 877 799
796 67 527
797 434 783
798 767 132
799 648 443
800 863 873
801 665 34
802 886 842
803 723 72
804 812 800
805 318 680
806 18 927
807 675 503
808 69 845
809 717 667
810 563 123
811 696 789
812 249 571
813 543 236
814 843 247
815 433 720
816 209 84
817 425 591
818 931 700
819 340 203
820 800 876
821 132 214
822 549 832
823 829 638
824 366 384
825 143 848
826 624 18
827 89 326
828 154 458
829 351 518
830 818 415
831 803 191
832 562 333
833 179 713
834 914 955
835 687 195
836 726 142
837 444 482
838 595 918
839 913 688
840 570 694
841 144 500
842 256 30
843 358 340
844 786 335
845 921 852
846 894 663
847 464 365
848 981 383
849 43 673
850 680 553
851 912 736
852 867 235
853 855 985
854 526 13
855 91 549
856 767 708
857 748 737
858 874 117
859 658 253
860 567 499
861 324 9
862 542 210
863 627 597
864 912 722
865 20 590
866 612 652
867 405 897
868 747 124
869 128 283
870 839 282
871 890 697
872 302 101
873 237 11
874 554 57
875 184 646
876 976 959
877 330 977
878 791 237
879 147 307
880 668 500
881 184 795
882 783 883
883 88 113
884 807 711
885 423 455
886 726 427
887 129 161
888 75 734
889 347 429
890 266 781
891 591 504
892 6 543
893 425 7
894 218 568
895 766 116
896 126 803
897 33 530
898 351 734
899 144 609
900 279 691
901 830 124
902 712 310
903 917 781
904 589 637
905 576 848
906 37 694
907 939 319
908 827 447
909 453 321
910 228 993
911 332 571
912 523 81
913 484 359
914 60 623
915 963 9
916 576 147
917 493 917
918 325 628
919 616 615
920 813 486
921 605 781
922 66 759
923 883 693
924 112 40
925 921 704
926 545 300
927 575 172
928 443 75
929 808 623
930 576 163
931 626 166
932 90 511
933 72 946
934 906 340
935 768 611
936 968 408
937 223 173
938 569 1
939 90 845
940 815 936
941 546 146
942 684 320
943 521 528
944 715 547
945 580 664
946 93 307
947 329 564
948 88 331
949 336 326
950 50 526
951 957 924
952 314 58
953 780 332
954 933 577
955 750 537
956 27 445
957 967 213
958 80 215
959 120 40
960 750 299
961 762 195
962 11 217
963 808 423
964 620 486
965 108 615
966 392 443
967 874 655
968 969 972
969 495 728
970 759 389
971 757 178
972 524 973
973 755 137
974 110 144
975 949 36
976 591 413
977 414 951
978 647 962
979 648 703
980 358 313
981 537 961
982 34 213
983 651 20
984 994 125
985 622 315
986 328 229
987 979 791
988 85 301
989 694 996
990 819 968
991 634 698
992 597 980
993 36 583
994 706 474
995 36 810
996 892 275
997 976 367
998 364 276
999 400 803
1000 488 842
