Minimalni Kostra po Komponentach

Komponenta, Vrchol1, Vrchol2
 
4 644 460
6 504 892
7 461 222
7 814 274
11 798 56
11 912 244
11 195 962
12 376 656
15 854 360
18 818 651
18 680 806
19 588 96
19 931 225
19 853 434
20 990 492
20 360 518
20 722 865
26 14 32
26 639 769
27 453 750
27 537 956
30 682 602
31 662 280
33 803 897
34 961 982
35 377 756
36 980 993
36 474 995
37 848 906
38 1 142
39 491 232
40 451 178
41 852 421
42 633 301
43 851 217
43 507 334
43 181 358
43 383 849
44 805 256
47 822 437
48 567 89
48 292 724
50 637 519
50 326 950
54 572 252
55 889 226
55 705 372
55 225 599
59 942 778
60 594 169
60 359 914
62 376 57
62 845 190
63 896 680
64 919 308
66 634 300
66 781 922
67 799 796
68 836 762
69 172 474
69 415 691
69 503 808
70 194 9
70 431 577
71 106 417
72 400 448
72 436 542
72 212 606
72 705 708
72 511 933
73 597 637
75 161 888
76 742 436
76 224 584
80 235 511
80 213 958
82 999 231
82 141 404
84 285 532
84 115 669
85 630 788
85 791 988
88 883 883
88 564 948
89 672 527
89 18 827
90 800 216
90 166 932
90 1 939
91 921 295
91 563 582
91 114 775
91 13 855
93 664 946
94 186 29
94 578 49
95 326 315
97 7 3
98 394 35
98 157 433
98 800 727
98 712 747
99 541 399
100 399 165
102 37 248
103 42 412
104 973 624
106 957 332
108 309 63
108 892 267
108 299 523
108 486 965
109 923 639
110 397 375
110 137 974
112 810 407
112 693 924
115 850 426
120 215 959
122 342 725
125 419 117
125 714 203
126 116 896
128 124 869
129 388 45
129 427 887
132 308 182
132 876 821
133 879 449
134 440 572
135 853 766
136 193 53
136 244 722
137 411 146
137 652 486
138 391 649
139 320 645
139 861 752
143 541 473
143 384 825
144 694 841
144 734 899
146 440 64
147 651 206
147 724 764
147 237 879
149 773 418
149 562 462
150 125 75
151 115 159
153 178 435
154 326 828
159 278 210
160 61 79
160 80 780
161 168 562
162 521 381
162 145 757
163 706 687
164 535 362
165 275 384
165 572 710
169 615 607
170 541 74
171 505 783
172 824 677
173 151 180
173 427 580
173 995 589
175 662 163
176 509 179
178 400 550
179 219 560
179 333 833
180 37 629
181 334 42
181 879 227
184 57 875
184 500 881
185 39 154
186 913 38
187 42 489
188 56 26
188 151 503
189 496 103
189 158 465
189 563 787
193 584 282
193 903 480
193 788 481
193 434 592
194 716 347
197 565 601
199 139 674
200 260 658
201 800 611
204 333 291
204 134 335
204 844 609
209 720 816
210 124 365
214 56 242
215 117 521
217 288 149
218 7 894
220 835 8
223 198 221
223 408 937
225 30 736
226 454 68
226 179 616
228 119 574
228 321 910
229 213 385
230 734 289
231 893 337
232 293 66
232 647 507
232 879 570
234 814 223
234 427 440
237 238 101
237 101 873
239 665 466
239 757 593
240 555 754
243 91 450
245 832 755
247 381 555
249 286 220
249 789 812
252 189 767
253 736 287
253 932 316
253 818 581
253 53 683
255 156 686
256 497 565
256 500 842
257 18 333
264 338 33
264 470 522
265 792 322
266 205 140
266 429 890
267 791 150
267 519 151
269 725 325
270 537 491
270 152 774
272 81 277
272 691 359
273 478 214
274 858 621
275 4 183
276 646 455
279 141 735
279 609 900
281 727 496
285 751 692
285 868 716
286 712 130
287 779 71
287 110 477
291 122 67
291 286 224
298 848 253
299 215 147
299 362 172
300 396 479
300 984 578
300 813 640
302 697 872
304 170 369
307 150 141
308 926 229
308 619 290
309 528 470
310 952 697
311 813 467
313 399 389
313 271 424
314 132 279
314 924 952
315 488 497
315 834 771
316 79 90
316 677 590
317 625 108
318 800 805
319 803 354
320 45 76
321 424 19
322 958 444
324 186 246
324 499 861
325 917 918
327 965 663
327 642 711
328 190 105
328 315 986
329 125 579
329 307 947
330 516 461
330 959 877
332 862 272
332 993 911
335 343 675
336 885 44
336 331 949
337 53 445
338 348 662
340 700 819
341 314 297
343 746 186
343 892 626
344 831 284
344 319 596
345 299 350
345 213 635
346 650 655
347 763 260
347 734 889
350 193 110
351 458 829
351 530 898
353 761 634
354 683 167
354 814 259
355 978 344
355 317 488
358 831 684
358 352 706
358 30 843
358 703 980
359 150 218
360 46 245
361 880 156
361 122 533
361 438 759
361 972 789
363 617 441
364 367 998
366 638 824
367 226 257
368 909 721
369 97 487
370 676 288
370 41 425
372 532 348
375 955 144
375 848 363
377 48 28
378 142 556
378 539 605
379 827 682
380 514 326
380 205 528
381 272 551
383 318 100
387 756 414
388 188 530
390 757 94
391 517 40
392 615 966
393 306 622
396 757 80
396 105 638
397 245 176
400 997 746
400 276 999
403 909 380
403 214 739
404 489 158
404 539 529
405 710 376
405 236 647
405 652 867
407 296 250
407 461 709
408 289 701
408 959 718
409 184 25
409 751 403
410 173 281
410 254 627
411 600 112
413 877 537
414 413 977
415 50 10
415 18 266
415 427 484
416 601 733
418 368 209
418 402 670
423 188 5
423 711 885
425 214 331
425 84 817
425 543 893
429 512 58
430 120 613
432 432 4
433 247 815
434 171 23
434 195 707
434 527 797
436 813 468
437 382 471
438 19 11
440 168 779
443 370 168
443 417 423
443 870 475
443 172 928
444 784 653
444 142 837
446 937 428
449 1000 1
450 49 397
450 421 525
450 117 614
451 451 22
451 920 81
451 793 482
452 320 20
453 710 678
453 447 909
455 359 128
457 907 693
458 199 558
459 621 761
461 984 255
461 419 427
461 900 490
463 321 313
463 43 583
464 663 847
466 755 748
467 273 643
469 463 453
470 60 597
472 35 98
474 559 464
474 301 623
477 459 726
478 442 549
479 678 712
481 620 458
481 33 587
482 384 109
482 467 318
482 57 420
483 952 388
484 401 70
484 81 913
485 187 573
486 635 304
488 670 116
488 902 772
488 803 1000
490 716 723
490 451 773
492 230 82
492 900 393
493 147 917
494 300 367
495 972 969
496 948 394
496 665 568
498 374 310
499 567 97
503 232 782
505 742 676
505 744 758
508 416 278
509 191 14
509 699 401
510 505 152
511 915 123
512 759 343
513 300 744
513 930 777
514 992 102
515 447 261
518 858 275
519 763 317
521 320 943
522 182 125
523 571 912
524 178 972
525 373 41
525 302 194
525 383 628
526 985 854
532 678 55
532 790 283
535 244 39
535 445 469
537 932 293
537 313 981
538 450 792
539 614 704
539 712 705
540 891 269
542 9 87
542 134 493
542 49 504
542 9 862
543 644 177
543 609 419
543 571 813
545 340 737
545 704 926
546 701 230
546 936 941
547 539 243
548 94 500
549 627 201
549 214 822
550 863 174
553 881 720
554 842 742
554 837 784
554 11 874
555 878 539
556 8 12
556 496 514
557 539 781
559 546 765
560 959 443
562 191 832
563 667 810
564 807 271
564 877 505
565 994 189
565 232 314
566 399 92
567 253 860
569 70 625
569 173 938
570 688 840
572 897 495
573 982 657
574 357 118
574 707 131
574 990 294
574 875 356
575 300 927
576 637 905
576 9 916
576 623 930
577 262 54
577 854 114
577 972 212
577 578 620
579 429 353
580 592 191
580 547 945
581 27 268
583 190 115
583 941 520
587 116 31
588 127 430
588 26 576
589 781 904
590 290 298
591 781 891
591 36 976
592 793 195
592 722 636
593 294 65
595 791 2
595 983 198
595 250 547
595 482 838
597 698 992
600 468 13
600 842 121
601 327 498
602 476 734
603 256 408
605 740 642
605 486 921
607 638 713
608 309 513
609 920 411
610 88 296
610 257 745
612 351 99
612 707 510
612 590 866
613 602 16
614 360 664
615 714 472
616 522 751
616 628 919
619 216 644
619 26 793
620 423 964
621 960 228
622 289 561
622 326 667
622 125 985
624 356 717
624 848 826
625 654 405
626 11 184
626 935 432
626 163 931
627 210 863
628 69 155
631 726 215
633 700 91
633 482 459
634 809 312
634 411 342
634 820 672
634 968 991
636 154 392
638 110 366
638 57 422
644 504 391
645 840 794
646 664 187
646 90 340
647 951 978
648 859 113
648 842 387
648 132 799
648 962 979
649 539 302
650 26 143
650 768 685
651 213 983
653 99 690
655 651 328
657 64 171
658 963 559
658 832 603
658 117 859
659 126 43
659 622 323
660 882 594
661 121 604
663 686 111
663 388 134
664 768 373
665 794 329
665 681 501
665 873 801
668 573 442
668 545 731
668 307 880
669 115 6
669 682 273
671 456 205
671 221 309
671 283 345
672 215 235
674 775 307
675 207 160
675 58 254
675 927 807
676 118 207
677 907 666
679 481 416
680 357 17
680 673 850
684 92 456
684 210 506
684 146 942
685 665 451
687 955 835
691 939 544
692 796 409
694 301 989
696 923 106
696 492 352
696 123 811
699 52 73
699 887 410
700 17 72
701 695 238
704 723 30
704 341 571
704 186 648
706 216 135
706 583 994
710 391 204
712 516 60
712 124 902
715 244 508
715 942 665
715 528 944
716 188 452
717 845 809
718 820 351
718 262 681
720 792 129
720 426 349
720 77 382
721 985 133
721 592 355
722 953 446
723 595 137
723 842 803
724 806 502
725 628 241
725 251 548
726 917 181
726 195 836
726 455 886
728 723 463
728 675 540
730 124 50
730 676 122
732 465 770
734 185 93
734 350 760
735 152 509
735 168 566
736 953 791
738 969 785
741 854 483
743 499 673
744 523 531
745 471 429
746 293 364
746 983 406
747 565 729
747 897 868
748 708 857
749 578 136
750 329 319
750 577 955
750 40 960
751 277 338
753 740 192
753 398 738
754 363 585
756 806 618
757 389 971
759 728 970
761 772 84
761 790 292
762 299 961
765 806 563
766 476 654
766 568 895
767 951 632
767 549 856
768 538 415
768 24 612
768 624 630
768 340 935
769 38 200
769 281 311
770 882 610
771 818 600
771 336 650
772 427 85
774 374 575
774 596 740
774 841 741
774 935 743
775 19 699
780 58 953
781 519 170
782 537 608
783 795 882
785 263 62
785 689 119
786 340 844
790 76 732
791 21 303
791 977 878
792 136 689
792 251 749
793 290 219
794 315 285
798 96 517
799 276 208
799 33 728
800 203 820
801 134 15
803 557 652
803 599 668
803 415 831
807 113 884
808 75 929
808 217 963
811 552 236
812 912 47
812 72 804
813 5 145
813 615 920
815 500 695
815 845 940
817 975 439
817 756 730
818 331 569
818 518 830
819 887 377
819 996 990
821 299 107
823 236 36
823 95 438
825 726 59
826 570 546
827 319 908
828 879 263
829 832 823
830 691 901
832 128 276
832 554 299
834 168 679
839 283 870
840 5 88
840 900 185
840 560 383
841 590 524
842 721 368
842 113 671
843 419 124
843 236 814
847 870 447
849 622 552
849 155 715
850 990 336
850 57 786
852 299 534
854 123 175
854 66 341
854 72 564
855 235 853
857 138 286
857 842 431
857 626 478
858 789 196
858 694 398
859 11 588
860 332 790
861 12 402
863 655 120
863 443 800
866 483 396
867 205 139
867 21 357
867 773 512
867 736 852
868 242 619
870 769 247
870 986 768
871 264 262
872 207 37
872 961 306
874 737 858
874 443 967
875 116 197
876 519 193
877 861 7
877 2 51
877 66 633
877 777 795
880 426 69
883 782 77
883 355 586
883 759 923
885 896 536
885 710 702
886 34 802
887 374 719
888 931 659
890 860 202
890 282 871
891 105 83
891 400 148
892 855 371
892 810 996
894 453 46
894 852 846
895 462 395
896 904 104
896 656 541
898 390 327
900 474 27
900 755 61
901 499 535
901 517 543
901 412 753
902 261 646
902 627 700
903 578 78
904 325 157
906 905 213
906 946 934
910 787 324
911 384 598
912 179 86
912 553 851
912 597 864
913 918 839
914 526 52
914 346 361
914 323 698
914 713 834
915 476 454
915 130 763
916 639 153
917 78 485
917 310 903
921 335 845
921 40 925
924 978 24
924 832 199
924 429 258
926 752 251
927 408 188
929 782 714
930 56 265
930 230 370
930 249 661
931 591 818
933 332 954
934 335 330
934 949 696
934 921 776
938 393 703
939 353 34
939 694 907
940 437 264
942 946 173
943 601 249
944 526 305
945 419 95
945 222 339
948 934 270
948 102 390
949 596 346
949 484 378
949 942 386
949 743 499
949 571 515
949 407 591
949 336 641
949 144 975
951 470 161
951 260 374
952 420 164
953 582 127
956 337 631
957 526 951
961 499 516
963 539 239
963 623 915
964 613 545
967 283 413
967 445 957
968 773 457
968 611 936
969 193 400
969 655 968
970 396 211
970 289 660
972 261 538
972 514 567
973 715 138
974 320 240
975 110 321
975 681 379
975 731 476
975 234 553
976 481 132
976 646 876
976 275 997
977 417 320
977 552 494
979 229 987
981 753 21
981 683 162
981 365 848
989 891 126
990 517 526
992 690 234
992 802 617
993 250 233
994 404 595
994 20 984
995 347 554
996 507 688
997 844 694
998 56 18
998 442 557
 
